1000080
1000360
1001270
1002300
1003590
1003890
1004750
1007040
1008080
10090
1009290
1009560
1010750
1010860
1011190
1011420
1011590
1011670
1012880
1013140
10150
1015140
1015500
1015890
1016360
1016800
1016920
1017180
1017900
10180
1018160
1018800
1020540
1020790
1020800
10220
1024380
102500
1025410
1025960
102600
102840
1028630
1029690
1029780
1029890
1030210
1030830
1030840
1031120
1031460
1031500
1031510
1032430
1032590
1035510
1036890
1037130
1038250
1038300
1039100
1039880
1039890
1040200
1040420
1041720
1042490
1042550
1042780
1042800
1044720
1045180
1045720
1046030
1046480
104900
1049320
1049410
1049890
1051200
1051310
1051690
1053680
105400
1054430
1054490
1054510
1054990
1055540
105600
1056960
1056970
1057090
1057640
1058020
1058450
1058650
1058830
1059900
1059990
1060210
1061090
1061910
1062090
1062160
1062340
1062520
1062810
1062830
1063040
1063420
1063660
1063730
1065260
1065310
1066780
1066890
1067850
10680
1069640
1069650
1069740
1070580
107100
1071870
1072290
1072420
107410
1075740
1076200
1079260
1080110
1080410
1081560
1082180
1082430
1082680
1084020
1084160
1084600
1085220
1085510
108600
1086940
108710
1087760
108800
1088090
1088710
1088850
1089090
1089350
1089830
1089980
1090630
1091500
1091980
1092530
1092660
1092790
1093290
1093910
1094390
1094420
1094520
1094920
1096530
1096570
1097110
1097150
1097200
1097350
1097840
1100990
1101120
1101140
1101190
1101360
1102130
1102190
1103860
11040
1104280
1104660
1105500
1105510
1105590
1105670
1106840
110800
1108000
1109160
1109690
1110100
1110910
1113000
1113120
1113560
11140
1114150
1114220
11150
1115690
1118200
1118240
1119700
1119730
1119840
1119980
1120810
1121560
1122340
1122680
1123050
1123770
1124300
1127400
1127700
1128000
1128860
1128920
1129580
1131240
113200
1133060
1133500
1133870
1134100
1134570
1134700
1135230
1135300
1135910
1136380
1137300
1137460
1138660
1139900
1139980
1142100
1142500
1142710
1144200
11450
1145350
1145360
1145630
1146310
1147130
1147560
1147660
1148590
1148760
1149460
1149620
1150080
1150440
1150590
1150640
1150690
1150760
1150950
115100
1151050
1151340
1151640
115300
115320
1153410
1153640
1154040
1154670
1154810
1155330
1155650
1157390
1158160
1158310
1158370
1158850
1158890
1158940
1159090
1159290
1159420
1159560
1159690
1159860
1160220
1160920
11610
1161490
1161580
1161830
1162520
1163550
1163870
1164250
1164690
1164940
1165870
1166860
1167450
1167630
1168690
1169040
1170950
1171310
1171690
1172380
1172450
1172620
1172650
1172710
1173220
1173770
1173820
1174180
1175360
1175830
1177980
1178490
1178830
1178880
1179210
1179580
1180660
1182620
1182900
1184050
1184370
1184790
1186040
1186640
1188930
1189290
1189630
1189800
1190000
1190340
1190970
1191260
1192900
1194630
1194810
1194930
1195420
1196090
1196590
1196630
1198090
1199030
1201270
1202130
1202200
1202900
1203190
1203220
1203620
1205040
1205480
1205520
1205970
1206410
1206560
1206610
1207650
1209360
12100
1210320
1210850
12110
1211020
1211240
1211630
12120
12130
1213300
1213700
1213750
12140
1214470
1214650
12150
1215390
12160
1216060
1216320
12170
1217050
1217060
12180
1218210
1218280
12200
1220140
1220150
1220170
12210
12220
1222140
1222300
1222370
1222670
1222680
1222690
1222700
1222730
12230
1223910
1225330
1225560
1225570
1227530
1227650
1227690
1229240
1229460
1229490
1230530
1230800
12320
1233260
1233570
1233590
1233880
1234430
1235140
12360
1236300
1236990
1237320
1237610
1237950
1237970
1237980
1238000
1238020
1238040
1238060
1238080
1238810
1238820
1238840
1238860
1238880
1239050
1239080
1239320
1239690
1240210
1240440
1240450
1240590
1243830
1243960
1244090
1244460
1244630
1244800
1245480
1245560
1245620
1246870
1247360
1248130
1249040
1249070
1249800
1249970
1250
1250410
1250650
1250760
1252330
1252830
1253920
1255560
1255630
1255650
1256670
1257290
1258220
1258590
1259420
1259800
1259970
1259980
12600
1260320
1260520
1261040
1261520
1262240
1262350
1262540
1262560
1262580
1262600
1263070
1264250
1264670
1265780
1265800
1265820
1265860
1265920
1265930
1266210
1266540
1266690
1266700
1266840
1267540
1268750
1269370
1269690
1270580
1271700
1272010
1272080
1272320
1272840
1273100
1273400
1273440
1273560
1274570
1274600
1275890
1276660
1276760
1276790
1276800
12770
1277130
1277400
1278170
12790
1279920
12800
1280930
12810
1281590
1281930
1282100
1282150
1282210
1282410
1282590
1282690
12830
1283190
1283400
1283410
12840
1284130
1284190
1284410
1285360
1285670
1286280
1286320
1286350
1286580
1286680
1286880
1287840
1288310
1288320
1290000
1292040
1292940
1293160
1293180
1293230
1293730
1293820
1293830
1294660
1294760
1294810
1294880
1295500
1295510
1295660
1295900
1295920
1296360
1296610
1296830
1296840
1297300
1298140
1299290
1299460
1299690
1301210
1302240
1302800
1304430
1304930
1305420
1306630
1307550
1307660
1307710
1307890
1309620
1309950
1310410
1313140
1313860
1314000
1314140
1316680
1320140
13210
1321440
1321680
1322300
1323620
1323900
1324130
1324340
1324350
1324530
1324780
1325200
1325900
1326470
1328350
1328660
1328670
1329500
1329790
1329880
1330470
1331550
1332010
1332340
1332720
1333200
1334040
1334730
1335790
1335830
1336490
1337010
1337520
1337760
1337920
1338770
1338840
1340180
1340640
1340990
1341050
1341200
1341290
1341820
1342260
1343240
1343340
1345760
1345820
1345890
1346010
1346070
1346960
1347970
13500
1351000
1351240
1351630
13520
1352930
13530
1353230
13540
13560
1356280
1356670
13570
1357210
1357870
1358700
1359090
1359980
13600
1360000
1361000
1361210
1361320
1361510
1363080
1364210
1364780
1365720
1366540
1366800
1367590
1367690
1368030
1368130
1368820
1369630
1369670
1369760
1370050
1370140
1371580
1371690
1371980
1372110
1372280
1373090
1373510
1373880
1373960
1374490
1374970
1376200
1377380
1377700
1378990
1380420
1382070
1382330
1383960
1384160
1385100
1385380
1385780
1388590
1388770
1388880
1390350
1390410
1392960
1394960
1397390
1399080
1399780
1401590
1401730
1402110
1402120
1402320
1403650
1404210
1406810
1408610
1409200
1410640
1411020
1411910
1413480
1413660
1414850
1415220
1415280
1415660
1417880
1417930
1418100
1418630
1419850
1420290
1420300
1420350
1421250
1422130
1422420
1423330
1424330
1424800
1426210
1426450
1428100
1429500
1429850
1429880
1430220
1430680
1432050
1432860
1433140
1433570
1434320
1434330
1435750
1435790
1436700
1437050
1437880
1439300
1440670
1442430
1443630
1445790
1446650
1446780
1447000
1448440
1449200
1449280
1449500
1449560
1449690
1450080
1450180
1451090
1451190
1451810
1451940
1454400
1454640
1455630
1456200
1456650
1456760
1456940
1457320
1457510
1458100
1458140
1460220
1461810
1462040
1462810
1465070
1465360
1465550
1466060
1466640
1466860
1466870
1468720
1468810
1469610
1471410
1472560
1472660
1474740
1475810
1475840
1477940
1479730
1480560
1482320
1483870
1485070
1485590
1486920
1487210
1487390
1488560
1489630
1489970
1490890
1491410
1492070
1492680
1492730
1493520
1493640
1493760
1494860
1495320
1496590
1496790
1497440
1497950
1498130
1498570
1498740
1501610
1501750
1502190
1502560
1502980
1504500
1506510
1506830
1507190
1507580
15080
1508360
1509510
1509960
15100
1511630
15120
1512590
1514950
1515210
1515900
15170
1517290
1517340
1517970
1519090
1520370
1521580
1522160
1522820
1522870
1524630
1525700
1526900
1527950
15300
1530160
1530470
1531430
1532690
1533390
1533420
1534840
1534980
1536090
1537830
1538970
15390
1540210
1541840
1542110
1543030
1544020
1544360
1545560
1546400
1546970
1546990
1547000
1547670
1547860
1548850
1549180
1549690
1549970
1550010
1550730
1551360
1552810
1554970
1556100
1556200
1556790
1556870
1557740
1557860
1557990
1558830
1559390
1559600
1559680
15620
1562260
1562420
1562430
1562690
1562700
1563180
1564600
1566390
1566690
1566880
1568590
1569040
1569580
1570010
1570070
1570330
1571100
1571440
1571460
1574260
1574310
1574580
1574820
1574900
1575830
1575940
1577120
1577250
1578220
1578650
1579380
1580240
1580520
1580780
1580790
1581770
1582650
1583230
1583320
1584090
1584690
1585180
1585220
1585440
1586700
1586800
1587130
1587540
1588870
1590760
1590910
1591530
1592190
1592670
1593500
1594130
1594320
1594880
1594940
1597310
1599020
1599330
1599340
1599600
1599660
1600780
1601330
1601570
1601580
1601740
1601970
1602010
1602080
1603640
1604030
1606180
1607240
1607680
1608070
1608230
1608470
1608700
1609080
1610440
1610460
1610470
1611430
1611600
1611910
1612420
1612620
1614270
1614550
1620030
1620040
1620340
1621070
1621310
1621560
1621690
1621990
1622350
1622710
1622910
1623120
1623730
1623940
1625450
1627570
1627720
1630110
1631470
1634080
1634150
1635450
1635590
1636030
1637320
1639430
1639790
1640300
1641670
1641700
1641960
1643310
1643320
1644320
1644960
16450
1645820
1646580
1646850
1647550
1648610
1649010
1649080
1649240
1650010
1650810
1651560
1651960
1654660
1656780
1656930
1657630
1658040
1658280
1658290
1659040
1659420
1660080
1662570
1663640
1664220
1665280
1665460
1668540
1669000
1669980
1670870
1671210
1671360
1672500
1672970
16730
1675830
1675900
1676130
1676840
1677110
1677280
1677310
1679210
1680880
1681430
1682050
1682290
1682970
1683100
1683150
1684350
1684930
1686940
1687950
1689620
16900
1691190
1691320
1692250
1693980
1694600
1695840
1696080
1696440
1696810
1698220
1699480
1701380
1701520
1702010
1702260
1702330
1702390
1703340
1705180
1707550
1707990
1708010
1708850
1710170
1710580
1712840
1714900
1715130
1716310
1716740
1717020
1717640
1717770
1718130
1718570
1718870
1721060
1721470
1723780
1726130
1726190
1727650
1728610
17300
1730590
1730680
1730700
1731070
1731460
1732190
1732220
1732330
1732420
1732430
17330
1735700
1735950
1737870
17390
1740720
17410
17430
1743830
1743850
1744330
17450
1745310
1745510
17460
1746030
1746930
17470
1747760
17480
1749750
17520
1752060
1755830
1759380
1760250
1761390
1761620
1762930
1763050
1763250
1766060
1766100
1766740
1768470
1769270
1769420
1770080
1770490
1771300
1771980
1774580
1775270
1777620
1778820
1778840
1780940
1781260
1782120
1782570
1783680
1783780
1784570
1785150
1785650
1787800
1787820
1789480
1790600
1792250
1792600
1793250
1793260
1794470
1794680
1794960
1795180
1795510
1796220
1796470
1798010
1798020
1799930
1801110
1801520
1802880
1805480
1807810
1808500
1809540
1809700
1810580
1811260
1811950
1812090
1812300
1812450
1812620
1813130
1816300
1816670
1817070
1817190
1817230
1817490
1817800
1819450
1819460
1820140
1823200
1823930
1823950
1824220
1830630
1832040
1832640
1835240
1836730
1836860
1839430
1839940
1843310
1843540
1845910
1846380
1849250
1850050
1850160
1850510
1850570
1850740
1856190
1857090
1858630
1859470
1860510
1861610
1861970
1863430
1864880
1867530
1868140
1874000
1874170
1874490
1874880
1875830
1876590
1876890
1877020
1879330
1880330
1880470
1880610
1883260
1887840
1888160
1888930
1889640
1891620
1894730
1895810
1895880
1896700
1898290
1898300
1898500
19000
1902690
1902710
1902960
1903340
1904880
1905220
1909750
1910860
1911360
1911610
1911940
1913210
1913740
1915510
1915550
1916280
1918450
1918970
1919470
1919590
1920480
1920490
1920780
1922560
1924170
1924360
1924490
1925970
1926090
1928690
1928870
1928980
1929610
1931180
1931380
1931730
1931770
1931950
1932570
1932640
1933370
1933840
1933970
1934570
1934680
1937500
1937780
1938010
1938090
1939970
1940340
1941540
1942110
1942280
1942660
1943950
1944430
1944790
1946700
1947500
1948980
1949030
1951230
1952250
1952370
1952520
1953520
1954160
1954200
1955800
1957780
1958220
1959390
1959580
1960110
1963040
1963210
1963370
1966720
1967260
1967630
19680
1970580
1970980
1971650
1971870
1975440
1977170
1978590
1979440
1980240
1981610
19830
1983260
1985810
1985820
1987080
1989270
1989320
19900
1990110
1992640
1995520
1995890
1996010
1997660
19980
1999170
2000000
2000890
2000950
2001120
2001340
200170
200230
200260
2004080
2005010
200510
2006140
200710
2009100
2009350
2010030
2012510
2013360
2014380
2014780
2015240
2015270
201700
2017080
201790
201810
201830
201870
2020710
2021210
202170
2022670
202310
2023360
202530
2025320
2027330
202750
202970
203140
203160
203650
203750
204030
204100
204120
204340
204360
204450
204880
20500
2050650
20510
205100
2051010
2051120
205190
2052410
2053940
20540
2054970
2056220
205650
2058180
2058190
2058750
2059530
2059660
2059670
2060130
2061250
206210
206230
206420
206440
2064490
2064810
2064870
2066020
2067920
2068280
2069640
2071280
207140
2071500
2072450
2072840
2073250
2073470
207490
2075100
2075720
2076010
207610
2078230
2080690
2081080
208140
2081470
208200
2084000
208480
2085000
208580
208650
2086680
208670
208860
20900
209000
209080
209100
209120
209160
20920
209230
2094320
2095340
2095950
209630
209650
2096600
2096610
2100
21000
21010
2102450
21030
2103140
2104890
2106670
2106840
2107030
2107090
210770
2108330
21090
210970
21100
2110820
2111170
2111190
2111630
2111870
21130
2113850
2113920
211400
2114740
2115390
2115760
211600
2116120
21170
211740
211820
2119490
2120900
212160
2123640
212410
2124420
2124490
212480
2125090
212580
212630
212740
212910
213120
2131650
213330
2133520
2134770
2135150
213610
213670
2138330
2138710
2138720
2139020
2139890
2140020
2140650
2141690
2141730
214250
2142790
2144740
214490
214510
214560
2146570
214770
214870
214950
2153350
215470
2155180
215530
215690
2157560
2157710
2161050
216110
2161440
2161700
2162020
2162800
2163330
2165620
21660
21670
21680
2168680
21690
216910
2169200
2170370
217140
2171440
2171560
2171880
217200
2172010
2175540
21780
2178070
217920
21800
2183650
2183900
2185060
218620
2186320
2186680
2187130
2187220
2187290
218740
2189670
2191050
219150
2192790
2192900
2193540
2194530
2195120
2195250
219640
21970
219740
2197680
219780
21980
2198150
2198510
219950
219990
2200
22000
2200780
220160
2201710
2201930
2201940
220200
220240
220260
220440
2205460
2206210
2208570
2208920
2210
22100
221040
221100
2211170
2212330
221260
2213190
221380
22140
2214220
2214880
2215390
2215430
2217000
221810
2218750
2221490
2221920
2222540
22230
2223700
2223840
2224740
222480
2228280
222880
222940
2229940
22300
2230110
2230650
223100
2231380
2231450
22320
22330
2233120
223470
2235200
2235820
2236300
22370
2237970
22380
2238040
223850
2238900
2239150
2239550
2239710
224060
224260
2243710
2244130
224480
22450
224600
2246340
224760
2248760
2249160
224960
224980
2250600
225080
2252570
225260
225300
225320
2254740
2254890
225540
225640
2256790
2258500
22610
2262080
2264340
22650
226560
226580
22670
226720
226860
227000
2270600
227100
2271930
2272540
2272900
227300
2273430
2273880
2273980
2274200
227480
227600
2277560
227780
227860
2280
2280350
228200
2282350
228280
228300
228380
2283880
228400
2284600
2285150
228560
2287220
2287330
2287520
228760
2288350
2289400
2289740
2290180
2291060
2291340
2292260
2292800
2294660
2296990
229870
2300
2300320
230190
230290
2304440
2304620
2305840
2306590
2306740
2307350
2309400
2310
231160
231330
2313330
231430
2315690
2316580
2318480
2319640
231990
2320
232010
232090
2321210
2321470
2322010
2322440
2322560
2324210
232750
2328480
2328540
232890
232910
2329630
2330430
23310
2331130
233130
2331330
233190
233270
233290
233450
233470
2334730
233610
2336220
233720
2337860
233860
2338770
233980
2340520
2340650
234080
2340870
234140
234270
2342950
2344320
2344520
234630
234650
234670
2350020
2350280
2351330
2351560
235210
2353250
2354000
235460
235540
235600
2356560
2356780
2357000
2358260
2358720
236090
2362300
2362420
236370
236390
236430
2365810
236850
236870
2369390
2369900
2370170
237110
2374190
2374660
2375550
237630
237850
2378620
2378900
2378910
237930
2379390
2379780
238010
238090
2381590
2381740
238210
238320
238370
2383990
238430
2384580
238460
2385530
238960
239030
239140
239160
239250
239350
2394650
2395210
2395810
2396980
2397250
2397500
239820
2399420
2399730
2399830
2400
2400430
2400640
24010
2401970
2404880
2405060
240600
2406180
2406770
240720
2407270
240760
2408820
241260
2414270
241540
241560
2417610
2418520
2419090
241930
2420110
242050
2420660
2423300
24240
2424010
242550
242640
242680
242700
2427420
2427430
242760
2427700
242840
242860
2428810
2429190
242920
2429240
2429640
243470
2436940
243800
243930
2440510
2441700
244210
2442460
2443720
244450
2445690
2446550
244850
244870
244930
2450
2450450
2450700
2452080
245280
245300
2453060
2454570
245490
2455060
2455640
245620
2456740
2457220
2457580
245760
2458310
2458560
2458830
2458860
2460130
2461850
2463620
2464530
246580
246620
24670
2467810
2468400
246900
2469200
246960
247080
24720
2472010
2473480
24740
247430
2475420
2475460
2475490
2477340
2478970
247910
247950
2479810
2481670
24840
2484110
2486740
24870
2487060
24880
248820
2488370
2488620
248970
249050
2490990
249130
2492040
2492120
249230
2494450
2494780
2495100
24960
249680
2497900
2497920
24980
2499800
25000
2500750
250180
250320
250400
2506160
250760
2507610
2508770
250900
2510130
251060
2510710
2510770
2510960
2512560
2513280
2514460
2515020
2515240
251570
2519060
252110
252230
2522520
252330
252410
252490
252530
2525310
2526310
2527390
2527500
2527580
2527660
252870
2529170
252950
253030
2531310
253230
2532550
253430
2535440
253690
2537590
253980
2540670
2543180
2544090
2544110
2544570
2545360
254700
2549780
2551570
2551920
255220
2552430
2552440
2552450
255300
2553870
255390
2555190
255710
2559270
2561580
256190
2562240
256290
2564520
2566340
2567870
2569820
257030
2570810
257350
257420
257510
257790
257850
2581370
2581410
2581700
258180
2582560
2584290
258520
2585830
258700
258970
2591280
2593370
259340
2594540
2594920
2597080
2597970
2598020
2600
2600600
2602020
2602030
260210
260230
2603040
2604480
260750
2608270
261030
261110
2613950
2615300
261550
261570
2616140
261640
261760
2620
262060
2622380
2623190
2625420
2627570
2630
2631250
263280
2633640
2634890
2634950
2635050
263620
2636420
2637990
2638370
2640
2644470
2646460
264710
2651280
265300
2653790
2653940
265550
2657120
2658450
265930
2660460
2662780
266410
266510
2666510
266840
2668430
2668510
2669320
2669410
2669860
2670630
2674590
267530
267550
2676410
2677660
2679460
2680010
268050
2680550
2682580
2683150
2684370
268500
268650
2687970
2688570
268870
2688950
268910
269190
269210
2694420
2694490
2695490
2695940
269770
269790
2697930
2698780
2698870
2698940
2699820
2701660
2701700
2703850
2707040
2707940
2708280
2708450
270880
2709570
271590
2717880
2719030
2719160
2719200
2722400
272510
2725260
2726450
2729480
273350
2734520
2737070
2738380
2739590
274170
274190
2742830
274500
274520
274940
2749770
275060
2751000
2756770
275850
2761670
2763670
276810
2768430
2769080
2770460
2773280
277430
277590
2776780
2776940
2777220
2779570
278080
2780980
2782610
2782880
278360
2785200
2787320
2788310
2789130
2793950
279440
2796180
2800
28000
2800450
2800630
280160
280180
2804680
2806640
280680
2807150
280790
281690
2816950
281940
281990
2820
282070
2820820
282140
282440
2824660
2825530
2827230
282800
2828860
2835530
2835570
283640
2839280
2840770
2841350
284160
2842040
284240
2844850
2845120
2845630
284710
284770
285160
2853730
2857880
285900
285920
286040
286160
2863640
2864560
2864680
2865610
286570
286690
2869860
287260
287290
287390
287450
287700
2878420
2878600
2878960
2878980
288160
2881650
2882870
288470
2887350
289070
2890830
289130
289650
289690
2897700
289950
290080
290340
2903950
2904000
2909110
2909400
2909770
2909790
2916430
291650
292000
292030
2920570
292120
292140
2922410
2924170
292730
2928650
2933080
2933130
2936030
293760
294100
2943150
294860
2949580
2950340
295110
295790
2961530
2961880
2963880
2965660
296770
2967990
2969160
2969380
297130
2978540
297860
298110
2983600
298630
298900
2989950
2990
29900
2993780
2994010
2996040
299740
2999160
299950
3002850
300380
3004100
3008130
300820
3009480
3009850
301280
3013550
3014080
301520
301640
301760
3017860
301840
301860
3018910
301910
301980
3020
3021100
3021630
3023070
302510
3025290
302670
3028310
3030250
3030720
3035570
3035850
303610
3036880
303800
3040220
304030
304240
304390
304430
3044440
304530
3046600
3049990
3050220
305380
305620
3058630
3059070
3059520
3060900
306130
3061570
3061810
306760
3070070
3070520
3070880
307110
3074110
307690
3077390
307780
307880
307960
308420
3084280
3089130
3095600
3097560
310560
3107230
3107330
3107800
310790
3107900
3108510
310950
3109580
3111080
311210
3112260
311260
311290
311340
3114900
311560
3116640
311690
311730
3117820
3121110
3123410
312520
3125250
3126330
3126470
312660
312670
3127650
312780
312840
313120
313160
3132770
313690
3137560
313780
313810
3140990
314160
314650
3146520
314790
3150440
315210
3156770
315810
3159330
3159680
3164500
3168260
3168600
3169520
3176060
3178350
3183280
318600
319170
3193840
319510
3195790
319630
3198320
319870
319910
3201910
320240
3205080
3209910
321040
3211290
321360
3213850
322170
322330
322500
322520
3226530
3228590
323190
323220
32330
323320
323470
32360
32370
323720
323850
3238670
3240220
324080
3241660
3242750
32430
32440
3244220
32450
324570
324650
32470
324800
32510
3255380
325610
3258290
3259470
3263320
3265250
3267430
3269260
3269270
327070
3272300
327410
3279160
32800
3282700
3287520
329050
3292260
329430
3298460
3299570
330020
3306400
330830
330840
331160
3311740
33120
3314070
331480
331750
331870
3319980
332070
3321660
33220
332260
33230
332310
332500
332800
332950
33320
333250
33350
33420
334210
33440
334540
33520
335300
3358360
3359320
3369850
337000
337320
337340
3373660
3376080
338390
338930
339340
3400930
34010
34030
3408110
3417510
34190
341940
34330
3434930
343710
3445340
3446990
344760
3447690
3449590
345350
3454650
345890
346010
346110
346470
346820
3472040
3480
34830
3483740
348470
34870
3487060
348710
3489700
34900
349040
35000
350080
350640
35130
35140
351940
351970
352400
352520
352720
3527290
3527760
35320
353700
354140
354240
354380
35450
355790
356190
356570
356650
35700
357190
35720
3590
359100
359320
359550
359600
359610
359870
360150
360170
360430
360940
361280
361420
362490
362680
3627920
362890
362960
363130
363440
363680
364360
364470
365360
365590
365960
366090
3666640
3669060
367450
367500
367520
368070
368260
368340
368360
368420
368500
368860
369420
3700
370240
371660
371970
372360
373420
373930
374040
374320
375900
375910
376210
376300
376870
377160
377300
377840
378540
378610
378860
379430
379720
3800340
381120
381210
382110
382140
3821760
3821980
38220
382310
382560
3830
383120
383150
383180
383270
383870
383980
38400
38410
384190
38420
385560
385730
385760
386940
387290
387990
388080
388090
388410
388750
389140
389670
389730
390720
391000
391220
39140
391540
39160
391720
391730
3920
392000
39210
392110
392160
393080
393380
393420
394310
394360
394510
394690
394760
39500
39510
395170
39520
395200
39670
396750
39680
39690
396900
3970
397060
397540
397740
397950
398850
399810
4000
400750
40100
401680
401890
402020
402130
402710
40300
403640
40380
40390
404590
404680
405180
405310
406150
406350
40700
407530
407780
407810
40800
40950
40960
40970
409710
409720
40980
40990
410320
410340
41070
410710
410850
410900
411300
411370
412020
412830
413150
413410
413420
414340
414530
414700
414740
41500
415200
415590
415880
416590
41700
417290
417430
417910
418030
418180
418240
418340
418370
418460
418530
41900
419700
420530
420560
421020
421190
42120
423230
423950
424030
424370
424840
425220
425580
42640
42650
42670
42680
42690
42700
427030
42710
427100
427190
427270
427290
42730
427410
427520
427730
428550
428660
428690
429050
42910
429570
42960
429660
430070
43110
431240
43160
431730
431930
431960
433170
433300
433320
433340
433550
434050
434460
434570
434650
435150
435530
436320
437630
437920
438490
438640
438740
439190
440900
442080
44340
44350
443860
445190
445980
446020
446150
446800
447020
447040
447530
447820
448370
448510
449610
449800
4500
450540
450670
452060
453090
454650
455820
4560
456670
456750
4570
45700
457140
45740
45750
45760
45770
4580
458430
458470
458770
459220
459370
460790
460810
460870
460920
460930
460950
461950
46200
462770
462780
46290
463530
463850
464060
46410
464340
464920
465100
465780
466110
466130
466300
466560
466630
467660
468920
469600
469610
470220
470310
471010
471660
473690
473770
47400
474960
475150
475550
4760
476360
476600
477160
47730
47780
47790
47810
47830
47870
47890
47920
48000
480490
480650
481510
48190
48240
482400
485510
486310
48700
487120
48720
488310
488790
488860
489360
489830
490110
491280
491540
4920
492230
492720
493200
493340
493490
493520
493540
493840
493900
494430
494840
495050
495110
495140
49520
495280
49540
495420
496240
496300
498240
500260
501080
50130
501300
501590
502280
502500
502800
50300
503350
503560
503620
503940
504230
505170
505230
505460
50620
506500
506610
506900
507490
508440
508980
509980
510500
510510
511740
512300
512900
513710
515180
515960
516750
517630
517710
518060
518150
518790
519490
519860
520440
520940
520950
521890
522470
523660
524220
525480
525510
526160
526870
527230
527430
528230
529180
529340
529490
529660
531510
532210
534380
534550
535480
535930
536220
536270
536930
537450
539470
541570
541670
543460
543870
543900
544330
544750
545270
546560
548430
548570
550310
550320
550900
55100
55110
55140
55150
551730
551770
552100
55230
552500
552520
552620
553310
553420
553640
553850
554620
555000
555150
555160
555220
555440
556050
557340
557600
558260
559650
560130
561600
561610
563840
564310
566440
567640
568220
569480
569530
570770
570940
571260
571720
571740
572220
572430
572890
57300
573090
573100
57400
574050
574090
574180
574980
57690
577800
577940
578330
578650
579180
579490
579950
581320
581630
582010
582160
582550
582660
582890
583950
584400
585420
585900
586140
586200
586950
587520
588030
588430
588650
589290
589360
590690
592580
593150
593280
593600
594330
594570
594650
595520
595740
596620
597170
597180
597760
597820
598780
599080
599140
6000
600990
601050
601150
601430
601840
6020
602320
602960
6030
604240
605450
605740
6060
606150
606280
606880
607080
607880
607890
6080
610190
610370
610380
611160
611360
611500
6120
612880
613100
613830
614570
616560
617160
617290
617480
618850
619150
619540
619700
619820
619880
620590
620980
621060
621830
6220
622220
622650
623280
623340
625960
626610
626690
627270
628670
628710
629520
629730
629760
629820
63000
630610
631510
63200
632300
632360
632470
633230
633460
63380
635260
635320
636480
636570
637090
637100
637650
638070
638230
638510
638970
638990
639170
640590
640820
641080
641320
641990
644290
644830
645320
646570
646910
647830
647960
648100
648350
648800
649950
650500
651500
651670
652190
6550
65540
655500
65600
656350
657200
65800
658700
65930
659960
661790
664430
665360
666140
666150
667720
667970
668580
669330
671510
671860
671970
673130
673190
67370
673750
673880
673950
674140
674500
674940
675010
675260
677120
677160
677330
678030
678900
678950
678960
679110
680420
681280
681390
681810
682480
682990
683320
6850
6860
686810
6880
688130
688420
688470
6900
690040
690530
690640
690790
690830
6910
691280
692840
692850
692890
694280
695330
696220
6980
698670
699130
7000
70000
700740
701160
702050
703080
703180
703860
704270
704450
704850
70600
706020
707030
710920
7110
711750
712100
712190
71250
71340
714080
714120
715400
715560
717690
718850
719040
719890
7200
720560
721700
722180
722560
722960
723390
724970
725480
726590
727850
728240
72850
728530
728740
728880
729000
729040
730310
730390
731040
731490
732690
735290
735580
736190
736220
736820
737800
738520
738530
738540
739080
739630
739650
740130
741510
742120
742250
742300
742420
743390
743450
743890
743900
745130
745920
746510
746850
746940
747200
747660
748360
750130
750920
751780
7520
752590
753590
753640
755500
756530
756800
757310
758330
759740
760060
760640
761600
761620
761830
762220
763890
764790
765410
766370
7670
767390
767930
768200
768520
770240
771770
773370
773430
773951
774171
774181
774241
774361
774801
774861
775500
775900
779340
779430
780280
780290
780310
780350
782330
7830
783170
784080
784150
785770
787040
787480
787860
788100
788690
789910
790740
790820
792300
7940
794260
794960
798290
798460
798490
798510
8000
800270
801630
801800
803330
803600
804490
805270
805550
805590
807120
8080
809060
809880
810040
812140
813230
813630
813780
8140
814000
814370
814380
814400
814680
815370
815780
816020
816090
817130
817510
817540
818320
8190
819030
820520
822800
823950
824270
824280
824550
824720
825630
826630
826940
828740
829110
829280
829590
831560
834280
834530
834910
835960
838270
838310
838380
839770
840140
840800
841370
842100
842180
845030
845890
846470
846770
847360
847370
848450
848480
849100
850190
850320
851100
851850
851890
855740
857980
858260
858590
858810
858820
859570
860350
860510
860950
861650
863550
864060
865360
865540
865610
865680
866140
866800
867210
868520
870780
871200
871420
871540
871980
871990
872410
872670
874260
878670
8800
880940
881020
881100
881320
882020
882100
882790
883360
883710
884260
8850
885970
8870
887060
887800
889510
889600
889750
889910
891360
892970
8930
893020
893030
893680
893720
894020
894940
895400
895420
895870
896950
897450
897820
8980
898580
898720
898750
898890
899200
899390
899440
899770
900010
900040
900270
9010
903950
904380
9050
905370
905970
907650
910490
911220
911400
911430
91200
912370
914020
914110
914260
914400
914620
914710
914750
915490
915600
915810
916140
916160
916440
916730
916840
916900
91700
917150
917720
9200
920210
920490
920630
921390
921570
922500
924070
924140
924970
924980
926990
927250
927350
927380
928600
928960
930910
933110
933820
934700
935570
935580
936720
936790
938560
939400
939850
939960
940910
941570
942200
942970
944250
9450
945360
945710
9480
948740
948960
949230
950670
951240
951440
952060
952070
952290
952860
953490
953580
953880
954740
954850
955050
955900
956680
957790
958400
958480
960090
960170
960420
960690
960910
960990
962130
962400
962730
963930
964800
965230
965580
966430
967050
967390
968790
969760
969990
970560
970830
9710
97100
971690
972660
973230
973580
973760
973810
975370
975470
976010
976310
976590
976730
977950
978300
978520
978780
979070
979640
979690
980300
981890
982720
983870
983970
98400
984780
985830
985890
986130
986680
987400
987840
988240
989440
990080
990630
991170
991270
991560
991780
992300
99300
993090
994220
994280
996470
996580
996770
997010
997070
99810
998400
998740
998940
999020
999220